53
41
43
95
51
55
16
87
57
89
57
27
31
21
81
89
73
20
69
87
63
13
33
73
39
77
91
53
63
42
15
22
91
78
83
11
99
50
11
19
51
7
101
77
42
72
8
21
60
41
33
11
16
99
17
89
43
95
51
61
37
4
61
3
39
46
17
77
29
21
19
57
53
91
26
77
67
65
101
51
7
39
61
6
101
22
14
69
96
57
51
93
53
84
11
83
55
39
81
7
53
49
93
54
55
49
35
100
47
101
63
74
91
66
31
61
47
37
82
63
39
79
88
26
91
5
40
69
5
5
71
87
25
19
97
16
74
91
75
48
89
93
45
5
23
27
27
5
79
15
23
49
55
65
25
15
3
69
53
91
39
45
91
31
38
1
79
37
68
36
45
31
26
47
65
11
89
6
20
57
81
95
82
39
74
3
61
65
11
18
