31
19
1
75
47
36
31
53
79
42
30
3
5
100
37
47
15
90
42
25
65
93
32
83
41
15
60
6
47
77
3
63
91
42
31
79
27
79
41
91
97
31
90
75
89
71
11
15
66
3
93
33
30
36
67
27
41
5
80
99
49
49
53
79
55
61
64
10
15
27
84
77
41
51
13
63
89
6
29
19
57
53
86
55
96
61
68
38
85
75
7
0
57
82
55
57
31
23
86
39
37
41
14
0
33
33
79
15
49
75
85
93
13
99
92
23
27
62
12
43
35
35
35
5
37
7
49
19
17
44
83
51
51
23
53
63
67
9
7
81
84
77
3
40
77
22
65
61
69
61
33
75
83
71
30
21
7
17
21
69
21
25
73
62
8
29
67
83
25
42
35
84
41
36
87
17
72
1
91
37
93
85
21
1
69
71
52
25
79
99
38
21
15
3
42
51
97
61
