19
23
64
69
55
77
17
52
83
15
25
17
76
27
23
7
76
17
101
85
32
95
41
59
43
37
31
57
1
17
75
77
3
97
37
39
51
72
67
29
45
75
79
33
69
57
83
47
21
53
35
27
67
23
21
17
19
29
97
55
49
70
23
21
58
71
87
5
67
64
23
41
45
5
16
50
53
65
55
51
73
68
15
1
33
70
99
65
25
87
13
59
29
11
17
101
95
31
3
99
84
91
79
23
101
9
89
74
76
6
77
7
6
43
97
45
77
69
94
35
23
84
59
49
19
86
19
28
71
94
35
53
57
99
16
69
71
21
51
47
41
39
13
75
45
45
7
45
57
41
13
65
95
61
36
73
54
27
7
66
33
27
75
89
23
81
0
12
79
98
101
33
71
61
59
13
84
81
1
23
65
33
7
56
